pair,ss,sc,cs,cc,tot
cmt-conference,8,49,6,31,94
cmt-confOf,9,17,4,20,50
cmt-edas,9,32,6,37,84
cmt-ekaw,6,51,6,34,97
conference-cmt,9,45,11,53,118
conference-confOf,13,12,7,28,60
conference-edas,12,30,8,50,100
conference-ekaw,14,57,16,105,192
confOf-cmt,14,71,3,26,114
confOf-conference,15,34,1,29,79
confOf-edas,13,30,6,42,91
confOf-ekaw,12,33,5,29,79
edas-cmt,14,76,1,24,115
edas-conference,15,42,1,27,85
edas-confOf,16,26,6,13,61
edas-ekaw,13,57,1,49,120
ekaw-cmt,6,65,3,71,145
ekaw-conference,20,39,14,87,160
ekaw-confOf,13,25,7,33,78
ekaw-edas,11,35,5,74,125
TOTAL,242,826,117,862,2047
