pair,ss,sc,cs,cc,tot
cmt-conference,8,42,5,12,67
cmt-confOf,8,6,5,5,24
cmt-edas,10,25,7,10,52
cmt-ekaw,4,38,6,15,63
conference-cmt,7,39,9,48,103
conference-confOf,13,8,9,18,48
conference-edas,13,25,7,45,90
conference-ekaw,12,45,12,79,148
confOf-cmt,14,54,3,19,90
confOf-conference,15,25,1,24,65
confOf-edas,12,23,5,33,73
confOf-ekaw,9,19,2,26,56
edas-cmt,15,58,1,26,100
edas-conference,15,42,1,21,79
edas-confOf,15,13,6,13,47
edas-ekaw,13,44,1,46,104
ekaw-cmt,5,37,4,32,78
ekaw-conference,19,34,9,74,136
ekaw-confOf,7,11,5,19,42
ekaw-edas,12,27,3,60,102
TOTAL,226,615,101,625,1567
